v2.0 raw
16*0 120000 40006 0 0 120000 40006 0
0 120000 40006 0 0 120000 40006 0
0 120000 40006 0 0 120000 40006 0
0 120000 40006 0 0 120000 40006 0
0 120000 40006 0 0 120000 40006 0
0 120000 40006 0 0 120000 40006 0
0 120000 40006 0 0 120000 40006 0
0 120000 40006 0 0 120000 40006 0
0 120000 40006 0 0 120000 40006 0
0 120000 40006 0 0 120000 40006 0
0 120000 40006 0 0 120000 40006 0
0 120000 40006 0 0 120000 40006 0
0 120000 40006 0 0 120000 40006 0
0 120000 40006 0 0 120000 40006 0
0 120000 40006 0 0 120000 40006 0
0 120000 40006 0 0 120000 40006 0
0 120000 40006 0 0 120000 40006 0
0 120000 40006 0 0 120000 40006 0
0 120000 40006 0 0 120000 40006 0
0 120000 40006 0 0 120000 40006 0
0 120000 40006 0 0 120000 40006 0
0 120000 40006 0 0 120000 40006 0
0 120000 40006 0 0 120000 40006 0
0 120000 40006 0 0 120000 40006 0
0 120000 40006 0 0 120000 40006 0
0 120000 40006 0 0 120000 40006 0
0 120000 40006 0 0 120000 40006 0
0 120000 40006 0 0 120000 40006 0
0 120000 40006 0 0 120000 40006 0
0 120000 40006 0 0 120000 40006 0
0 120000 40006 0 0 120000 40006 0
0 120000 40006 0 0 120000 40006 0
0 120000 40006 0 0 120000 40006 0
0 120000 40006 0 0 120000 40006 0
0 120000 40006 0 0 120000 40006 0
0 120000 40006 0 0 120000 40006 0
0 120000 40006 0 0 120000 40006 0
0 120000 40006 0 0 120000 40006 0
0 120000 40006 0 0 120000 40006 0
0 120000 40006 0 0 120000 40006 0
0 120000 40006 0 0 120000 40006 0
0 120000 40006 0 0 120000 40006 0
0 120000 40006 0 0 120000 40006 0
0 120000 40006 0 0 120000 40006 0
0 120000 40006 0 0 120000 40006 0
0 120000 40006 0 0 120000 40006 0
0 120000 40006 0 0 120000 40006 0
0 120000 40006 0 0 120000 40006 0
0 120000 40006 0 0 120000 40006 0
0 120000 40006 0 0 120000 40006 0
0 120000 40006 0 0 120000 40006 0
0 120000 40006 0 0 120000 40006 0
0 120000 40006 0 0 120000 40006 0
0 120000 40006 0 0 120000 40006 0
0 120000 40006 0 0 120000 40006 0
0 120000 40006 0 0 120000 40006 0
0 120000 40006 0 0 120000 40006 0
0 120000 40006 0 0 120000 40006 0
0 120000 40006 0 0 120000 40006 0
0 120000 40006 0 0 120000 40006 0
0 120000 40006 0 0 120000 40006 0
0 120000 40006 0 0 120000 40006 0
0 120000 40006 0 0 120000 40006 0
0 120000 40006 0 0 120000 40006 0
0 120000 40006 0 0 120000 40006 0
0 120000 40006 0 0 120000 40006 0
0 120000 40006 0 0 120000 40006 0
0 120000 40006 0 0 120000 40006 0
0 120000 40006 0 0 120000 40006 0
0 120000 40006 0 0 120000 40006 0
0 120000 40006 0 0 120000 40006 0
0 120000 40006 0 0 120000 40006 0
0 120000 40006 0 0 120000 40006 0
0 120000 40006 0 0 120000 40006 0
0 120000 40006 0 0 120000 40006 0
0 120000 40006 0 0 120000 40006 0
0 120000 40006 0 0 120000 40006 0
0 120000 40006 0 0 120000 40006 0
0 120000 40006 0 0 120000 40006 0
0 120000 40006 0 0 120000 40006 0
0 120000 40006 0 0 120000 40006 0
0 120000 40006 0 0 120000 40006 0
0 120000 40006 0 0 120000 40006 0
0 120000 40006 0 0 120000 40006 0
0 120000 40006 0 0 120000 40006 0
0 120000 40006 0 0 120000 40006 0
0 120000 40006 0 0 120000 40006 0
0 120000 40006 0 0 120000 40006 0
0 120000 40006 0 0 120000 40006 0
0 120000 40006 0 0 120000 40006 0
0 120000 40006 0 0 120000 40006 0
0 120000 40006 0 0 120000 40006 0
0 120000 40006 0 0 120000 40006 0
0 120000 40006 0 0 120000 40006 0
0 120000 40006 0 0 120000 40006 0
0 120000 40006 0 0 120000 40006 0
0 120000 40006 0 0 120000 40006 0
0 120000 40006 0 0 120000 40006 0
0 120000 40006 0 0 120000 40006 0
0 120000 40006 0 0 120000 40006 0
0 120000 40006 0 0 120000 40006 0
0 120000 40006 0 0 120000 40006 0
0 120000 40006 0 0 120000 40006 0
0 120000 40006 0 0 120000 40006 0
0 120000 40006 0 0 120000 40006 0
0 120000 40006 0 0 120000 40006 0
0 120000 40006 0 0 120000 40006 0
0 120000 40006 0 0 120000 40006 0
0 120000 40006 0 0 120000 40006 0
0 120000 40006 0 0 120000 40006 0
0 120000 40006 0 0 120000 40006 0
0 120000 40006 0 0 120000 40006 0
0 120000 40006 0 0 120000 40006 0
0 120000 40006 0 0 120000 40006 0
0 120000 40006 0 0 120000 40006 0
0 120000 40006 0 0 120000 40006 0
0 120000 40006 0 0 120000 40006 0
0 120000 40006 0 0 120000 40006 0
0 120000 40006 0 0 120000 40006 0
0 120000 40006 0 0 120000 40006 0
0 120000 40006 0 0 120000 40006 0
0 120000 40006 0 0 120000 40006 0
0 120000 40006 0 0 120000 40006 0
0 120000 40006 0 0 120000 40006 0
0 120000 40006 0 0 120000 40006 0
0 120000 40006 0 0 120000 40006
